7477 7514 9558 5392 4433 3044 8677 6682 2476 8353 817 6869 6905 3291 8636 2226 1404 6199 6637 5703 7324 6968 
3481 9050 3668 3725 6702 9019 1254 7905 991 1593 3762 6918 5612 6162 9033 6223 1245 8531 2211 3581 6618 4531 
2118 5157 313 5660 7040 9579 9507 8489 8110 2156 6523 4747 4197 1932 6803 8251 8144 77 1958 6741 5144 1272 
8262 6256 2862 1006 5527 8542 4476 4043 3417 4981 3628 2115 7155 9651 7397 6060 6447 3140 1066 5688 6312 8516 
7144 3709 8477 3464 3925 1509 7880 9411 1997 2734 5087 2596 6225 5580 1327 8487 8926 2299 8587 6041 4589 7045 
3810 9145 6247 2313 8388 3572 4102 7164 3871 9830 3516 2400 5673 4207 9894 457 5444 7701 9812 8900 3461 8486 
1523 8772 2701 9161 7035 9810 8119 2800 5042 3315 8008 3456 2048 2084 6371 6510 4395 791 2328 5644 9309 2412 
2824 1758 5634 1980 712 1033 7356 8015 9856 6987 7452 5029 1251 91 2694 2384 2934 3628 243 382 3330 8111 
8845 1992 8520 9257 7051 5272 951 2232 8166 6433 9786 8910 543 7290 1336 6634 8946 5381 1537 4476 785 3919 
9888 698 628 1956 7187 415 8205 9138 5045 696 4151 3744 4989 7433 4299 1397 1721 3507 530 4938 5000 646 
2457 7302 3716 9037 1458 1580 3448 3848 9581 7386 3434 3729 3800 4897 5855 1265 6694 4276 1548 2054 9751 3656 
3509 7135 8133 8722 2546 5073 5915 6095 9236 3379 7919 8804 8610 3196 6784 9168 8763 1687 7584 3758 8282 304 
722 9543 5115 4360 417 8425 7815 1041 3060 9420 9545 7430 5617 1136 7791 4487 4699 2335 4255 8848 2053 1005 
9917 435 8400 8525 6772 4154 960 7345 9166 459 561 7710 6498 4095 683 102 3202 3594 2291 6144 8514 5723 
5445 9558 2273 4584 2903 6067 8806 1818 3079 5780 3655 156 3191 2964 8802 2816 691 8431 2140 5373 1912 6062 
1339 2993 7838 7043 5356 2737 5533 3958 106 8254 2245 2815 9157 6464 5487 5112 2141 4272 5479 8301 5049 7534 
8299 7930 8826 7390 2649 6116 9874 4993 6415 2252 2963 7581 8165 1916 8185 3660 511 4100 683 2167 168 4230 
6866 2261 7790 2046 3375 8882 1969 4132 6826 2312 711 9355 2588 183 2823 3095 243 9228 5159 7957 5442 9837 
640 3920 9751 8840 8686 2524 4587 1929 5107 2720 6620 8996 4185 2174 2853 1447 219 5284 1200 9339 5176 4643 
8323 8230 6628 9093 6289 7195 3795 7015 1291 7365 2180 2767 3529 9554 704 9965 4148 4929 145 2248 4861 4665 
6287 4564 7962 5332 2289 4987 2858 5301 625 6907 8144 1411 6895 8898 1815 7619 1887 4372 6593 3635 1017 6588 
7323 6367 2283 1295 9472 4754 6686 6658 1809 4632 8968 5413 4245 5160 8660 459 3984 7150 8425 2516 4856 5591 
